-55.000000 -60.000000 -7.334700 0.000000 0.000000 0.000000 0.000000 0.000000 0.000000
-39.286000 -60.000000 -7.313034 0.000000 0.000000 0.000000 0.000000 0.000000 0.000000
-23.571000 -60.000000 -7.276367 0.000000 0.000000 0.000000 0.000000 0.000000 0.000000
-7.857000 -60.000000 -7.291367 0.000000 0.000000 0.000000 0.000000 0.000000 0.000000
7.857000 -60.000000 -7.273033 0.000000 0.000000 0.000000 0.000000 0.000000 0.000000
23.571000 -60.000000 -7.289700 0.000000 0.000000 0.000000 0.000000 0.000000 0.000000
39.286000 -60.000000 -7.291367 0.000000 0.000000 0.000000 0.000000 0.000000 0.000000
55.000000 -60.000000 -7.253033 0.000000 0.000000 0.000000 0.000000 0.000000 0.000000
-55.000000 -42.857000 -7.314700 0.000000 0.000000 0.000000 0.000000 0.000000 0.000000
-39.286000 -42.857000 -0.161367 0.000000 0.000000 0.000000 0.000000 0.000000 0.000000
-23.571000 -42.857000 0.020300 0.000000 0.000000 0.000000 0.000000 0.000000 0.000000
-7.857000 -42.857000 0.035300 0.000000 0.000000 0.000000 0.000000 0.000000 0.000000
7.857000 -42.857000 0.025300 0.000000 0.000000 0.000000 0.000000 0.000000 0.000000
23.571000 -42.857000 0.021967 0.000000 0.000000 0.000000 0.000000 0.000000 0.000000
39.286000 -42.857000 0.005300 0.000000 0.000000 0.000000 0.000000 0.000000 0.000000
55.000000 -42.857000 -7.286366 0.000000 0.000000 0.000000 0.000000 0.000000 0.000000
-55.000000 -25.714000 -7.323033 0.000000 0.000000 0.000000 0.000000 0.000000 0.000000
-39.286000 -25.714000 -0.028033 0.000000 0.000000 0.000000 0.000000 0.000000 0.000000
-23.571000 -25.714000 -0.003033 0.000000 0.000000 0.000000 0.000000 0.000000 0.000000
-7.857000 -25.714000 0.006967 0.000000 0.000000 0.000000 0.000000 0.000000 0.000000
7.857000 -25.714000 0.003634 0.000000 0.000000 0.000000 0.000000 0.000000 0.000000
23.571000 -25.714000 -0.003033 0.000000 0.000000 0.000000 0.000000 0.000000 0.000000
39.286000 -25.714000 -0.024700 0.000000 0.000000 0.000000 0.000000 0.000000 0.000000
55.000000 -25.714000 -7.306367 0.000000 0.000000 0.000000 0.000000 0.000000 0.000000
-55.000000 -8.571000 -7.329700 0.000000 0.000000 0.000000 0.000000 0.000000 0.000000
-39.286000 -8.571000 -0.964700 0.000000 0.000000 0.000000 0.000000 0.000000 0.000000
-23.571000 -8.571000 -0.926367 0.000000 0.000000 0.000000 0.000000 0.000000 0.000000
-7.857000 -8.571000 -0.004700 0.000000 0.000000 0.000000 0.000000 0.000000 0.000000
7.857000 -8.571000 0.003633 0.000000 0.000000 0.000000 0.000000 0.000000 0.000000
23.571000 -8.571000 -0.009700 0.000000 0.000000 0.000000 0.000000 0.000000 0.000000
39.286000 -8.571000 -0.024700 0.000000 0.000000 0.000000 0.000000 0.000000 0.000000
55.000000 -8.571000 -7.283033 0.000000 0.000000 0.000000 0.000000 0.000000 0.000000
-55.000000 8.571000 -7.334700 0.000000 0.000000 0.000000 0.000000 0.000000 0.000000
-39.286000 8.571000 -7.304700 0.000000 0.000000 0.000000 0.000000 0.000000 0.000000
-23.571000 8.571000 -7.313033 0.000000 0.000000 0.000000 0.000000 0.000000 0.000000
-7.857000 8.571000 -7.323033 0.000000 0.000000 0.000000 0.000000 0.000000 0.000000
7.857000 8.571000 -7.323033 0.000000 0.000000 0.000000 0.000000 0.000000 0.000000
23.571000 8.571000 -0.013033 0.000000 0.000000 0.000000 0.000000 0.000000 0.000000
39.286000 8.571000 -0.031366 0.000000 0.000000 0.000000 0.000000 0.000000 0.000000
55.000000 8.571000 -7.299700 0.000000 0.000000 0.000000 0.000000 0.000000 0.000000
-55.000000 25.714000 -7.318033 0.000000 0.000000 0.000000 0.000000 0.000000 0.000000
-39.286000 25.714000 -7.309700 0.000000 0.000000 0.000000 0.000000 0.000000 0.000000
-23.571000 25.714000 -7.319700 0.000000 0.000000 0.000000 0.000000 0.000000 0.000000
-7.857000 25.714000 -7.323033 0.000000 0.000000 0.000000 0.000000 0.000000 0.000000
7.857000 25.714000 -7.328033 0.000000 0.000000 0.000000 0.000000 0.000000 0.000000
23.571000 25.714000 -0.008033 0.000000 0.000000 0.000000 0.000000 0.000000 0.000000
39.286000 25.714000 -0.028033 0.000000 0.000000 0.000000 0.000000 0.000000 0.000000
55.000000 25.714000 -7.294700 0.000000 0.000000 0.000000 0.000000 0.000000 0.000000
-55.000000 42.857000 -7.303033 0.000000 0.000000 0.000000 0.000000 0.000000 0.000000
-39.286000 42.857000 -7.303033 0.000000 0.000000 0.000000 0.000000 0.000000 0.000000
-23.571000 42.857000 -7.301366 0.000000 0.000000 0.000000 0.000000 0.000000 0.000000
-7.857000 42.857000 -7.318033 0.000000 0.000000 0.000000 0.000000 0.000000 0.000000
7.857000 42.857000 -7.321367 0.000000 0.000000 0.000000 0.000000 0.000000 0.000000
23.571000 42.857000 -0.003034 0.000000 0.000000 0.000000 0.000000 0.000000 0.000000
39.286000 42.857000 -0.023033 0.000000 0.000000 0.000000 0.000000 0.000000 0.000000
55.000000 42.857000 -7.276367 0.000000 0.000000 0.000000 0.000000 0.000000 0.000000
-55.000000 60.000000 -7.306366 0.000000 0.000000 0.000000 0.000000 0.000000 0.000000
-39.286000 60.000000 -7.294700 0.000000 0.000000 0.000000 0.000000 0.000000 0.000000
-23.571000 60.000000 -7.289700 0.000000 0.000000 0.000000 0.000000 0.000000 0.000000
-7.857000 60.000000 -7.309700 0.000000 0.000000 0.000000 0.000000 0.000000 0.000000
7.857000 60.000000 -7.303033 0.000000 0.000000 0.000000 0.000000 0.000000 0.000000
23.571000 60.000000 -7.289700 0.000000 0.000000 0.000000 0.000000 0.000000 0.000000
39.286000 60.000000 -7.293033 0.000000 0.000000 0.000000 0.000000 0.000000 0.000000
55.000000 60.000000 -7.283033 0.000000 0.000000 0.000000 0.000000 0.000000 0.000000
